4 6 14 1 11 16 12 5 9 8 7 2 15 3 10 13
9 8 3 12 15 4 7 10 5 13 16 6 11 14 1 2
5 15 7 2 13 1 6 14 3 11 10 12 8 9 16 4
10 11 13 16 8 3 9 2 1 15 14 4 6 12 5 7
14 10 4 3 6 5 15 16 8 12 13 7 1 2 9 11
15 13 16 11 9 2 10 8 6 14 3 1 4 7 12 5
7 9 1 8 12 14 4 3 2 5 11 10 16 13 15 6
12 2 6 5 1 11 13 7 15 9 4 16 14 8 3 10
3 14 2 9 5 10 16 13 7 6 1 15 12 4 11 8
8 1 5 15 4 6 11 9 12 3 2 14 13 10 7 16
16 12 10 7 14 8 2 15 13 4 9 11 3 5 6 1
6 4 11 13 7 12 3 1 10 16 5 8 9 15 2 14
13 5 15 10 16 7 14 12 4 1 6 9 2 11 8 3
1 3 12 6 10 15 5 4 11 2 8 13 7 16 14 9
11 7 9 14 3 13 8 6 16 10 12 3 5 1 4 15
2 16 8 4 3 9 1 11 14 7 15 5 10 6 13 12